 	Track n¡	Slice n¡	X	Y	Distance	Velocity	Pixel Value
1	1.000	1.000	39.000	58.000	-1.000	-1.000	6.000
2	1.000	2.000	46.000	57.000	1.690	0.845	0.000
3	1.000	3.000	51.000	54.000	1.394	0.697	0.000
4	1.000	4.000	61.000	56.000	2.437	1.219	0.000
5	1.000	5.000	75.000	55.000	3.355	1.677	0.000
6	1.000	6.000	88.000	55.000	3.107	1.553	38.000
7	1.000	7.000	89.000	56.000	0.338	0.169	1.000
8	1.000	8.000	92.000	56.000	0.717	0.358	122.000
9	1.000	9.000	110.000	55.000	4.309	2.154	218.000
10	1.000	10.000	119.000	55.000	2.151	1.076	210.000
11	1.000	11.000	143.000	57.000	5.756	2.878	27.000
12	1.000	12.000	147.000	54.000	1.195	0.597	313.000
13	1.000	13.000	161.000	56.000	3.380	1.690	0.000
14	1.000	14.000	180.000	56.000	4.541	2.270	42.000
15	1.000	15.000	192.000	54.000	2.908	1.454	218.000
16	1.000	16.000	208.000	56.000	3.854	1.927	0.000
17	1.000	17.000	215.000	55.000	1.690	0.845	155.000
18	1.000	18.000	227.000	55.000	2.868	1.434	336.000
19	1.000	19.000	240.000	55.000	3.107	1.553	109.000
20	1.000	20.000	252.000	55.000	2.868	1.434	96.000
21	1.000	21.000	254.000	53.000	0.676	0.338	433.000
22	1.000	22.000	268.000	54.000	3.355	1.677	0.000
23	1.000	23.000	281.000	54.000	3.107	1.553	23.000
24	1.000	24.000	286.000	53.000	1.219	0.609	62.000
25	1.000	25.000	295.000	55.000	2.203	1.102	122.000
26	1.000	26.000	305.000	55.000	2.390	1.195	0.000
27	1.000	27.000	328.000	55.000	5.497	2.748	0.000
28	1.000	28.000	346.000	54.000	4.309	2.154	26.000
29	1.000	29.000	363.000	54.000	4.063	2.032	108.000
30	1.000	30.000	374.000	54.000	2.629	1.314	158.000
31	1.000	31.000	375.000	55.000	0.338	0.169	24.000
32	1.000	32.000	371.000	55.000	0.956	0.478	200.000
33	2.000	1.000	2.000	60.000	-1.000	-1.000	0.000
34	2.000	2.000	12.000	62.000	2.437	1.219	124.000
35	2.000	3.000	26.000	61.000	3.355	1.677	1.000
36	2.000	4.000	26.000	61.000	0.000	0.000	170.000
37	2.000	5.000	31.000	60.000	1.219	0.609	0.000
38	2.000	6.000	31.000	60.000	0.000	0.000	0.000
39	2.000	7.000	35.000	59.000	0.985	0.493	0.000
40	2.000	8.000	35.000	59.000	0.000	0.000	110.000
41	2.000	9.000	42.000	58.000	1.690	0.845	274.000
42	2.000	10.000	42.000	58.000	0.000	0.000	61.000
43	2.000	11.000	44.000	57.000	0.534	0.267	488.000
44	2.000	12.000	44.000	57.000	0.000	0.000	197.000
45	2.000	13.000	47.000	57.000	0.717	0.358	46.000
46	2.000	14.000	54.000	57.000	1.673	0.836	25.000
47	2.000	15.000	62.000	56.000	1.927	0.963	0.000
48	2.000	16.000	65.000	56.000	0.717	0.358	123.000
49	2.000	17.000	61.000	56.000	0.956	0.478	261.000
50	2.000	18.000	68.000	56.000	1.673	0.836	86.000
51	2.000	19.000	71.000	55.000	0.756	0.378	137.000
52	2.000	20.000	74.000	56.000	0.756	0.378	41.000
53	2.000	21.000	88.000	56.000	3.346	1.673	78.000
54	2.000	22.000	96.000	56.000	1.912	0.956	119.000
55	2.000	23.000	103.000	57.000	1.690	0.845	214.000
56	2.000	24.000	110.000	57.000	1.673	0.836	247.000
57	2.000	25.000	115.000	58.000	1.219	0.609	69.000
58	2.000	26.000	115.000	58.000	0.000	0.000	0.000
59	2.000	27.000	121.000	57.000	1.454	0.727	349.000
60	2.000	28.000	143.000	57.000	5.258	2.629	189.000
61	2.000	29.000	157.000	57.000	3.346	1.673	21.000
62	2.000	30.000	182.000	57.000	5.975	2.988	0.000
63	2.000	31.000	195.000	56.000	3.116	1.558	0.000
64	2.000	32.000	211.000	56.000	3.824	1.912	128.000
65	2.000	33.000	219.000	55.000	1.927	0.963	323.000
66	2.000	34.000	225.000	57.000	1.512	0.756	11.000
67	2.000	35.000	241.000	55.000	3.854	1.927	0.000
68	2.000	36.000	244.000	55.000	0.717	0.358	209.000
69	2.000	37.000	251.000	57.000	1.740	0.870	0.000
70	2.000	38.000	257.000	57.000	1.434	0.717	218.000
71	2.000	39.000	265.000	55.000	1.971	0.985	117.000
72	2.000	40.000	272.000	55.000	1.673	0.836	206.000
73	2.000	41.000	272.000	55.000	0.000	0.000	0.000
74	2.000	42.000	267.000	56.000	1.219	0.609	0.000
75	2.000	43.000	262.000	55.000	1.219	0.609	220.000
76	2.000	44.000	262.000	55.000	0.000	0.000	91.000
77	2.000	45.000	260.000	55.000	0.478	0.239	354.000
78	2.000	46.000	262.000	56.000	0.534	0.267	46.000
79	2.000	47.000	259.000	55.000	0.756	0.378	358.000
80	2.000	48.000	261.000	54.000	0.534	0.267	184.000
81	2.000	49.000	260.000	55.000	0.338	0.169	312.000
82	2.000	50.000	264.000	57.000	1.069	0.534	13.000
83	2.000	51.000	264.000	57.000	0.000	0.000	157.000
84	2.000	52.000	269.000	55.000	1.287	0.644	45.000
85	2.000	53.000	281.000	54.000	2.878	1.439	365.000
86	2.000	54.000	297.000	54.000	3.824	1.912	290.000
87	2.000	55.000	304.000	55.000	1.690	0.845	0.000
88	2.000	56.000	313.000	55.000	2.151	1.076	63.000
89	2.000	57.000	323.000	55.000	2.390	1.195	355.000
90	2.000	58.000	329.000	54.000	1.454	0.727	298.000
91	2.000	59.000	329.000	54.000	0.000	0.000	513.000
92	2.000	60.000	329.000	54.000	0.000	0.000	920.000
93	2.000	61.000	348.000	53.000	4.547	2.274	79.000
94	2.000	62.000	354.000	55.000	1.512	0.756	0.000
95	2.000	63.000	373.000	56.000	4.547	2.274	55.000
96	2.000	64.000	379.000	54.000	1.512	0.756	164.000
97	2.000	65.000	392.000	53.000	3.116	1.558	426.000
98	2.000	66.000	403.000	52.000	2.640	1.320	230.000
99	2.000	67.000	417.000	49.000	3.422	1.711	165.000
100	2.000	68.000	426.000	48.000	2.164	1.082	426.000
101	2.000	69.000	445.000	46.000	4.566	2.283	125.000
102	2.000	70.000	457.000	45.000	2.878	1.439	68.000
103	2.000	71.000	468.000	48.000	2.725	1.363	0.000
104	2.000	72.000	470.000	48.000	0.478	0.239	23.000
105	2.000	73.000	471.000	47.000	0.338	0.169	447.000
106	2.000	74.000	474.000	47.000	0.717	0.358	117.000
107	2.000	75.000	474.000	47.000	0.000	0.000	342.000
108	2.000	76.000	473.000	47.000	0.239	0.120	237.000
109	2.000	77.000	479.000	50.000	1.603	0.802	185.000
110	2.000	78.000	492.000	50.000	3.107	1.553	127.000
111	2.000	79.000	495.000	52.000	0.862	0.431	177.000
112	2.000	80.000	497.000	50.000	0.676	0.338	300.000
113	2.000	81.000	507.000	50.000	2.390	1.195	0.000
114	3.000	46.000	1.000	61.000	-1.000	-1.000	0.000
115	3.000	47.000	13.000	61.000	2.868	1.434	3226.000
116	3.000	48.000	37.000	58.000	5.781	2.890	4384.000
117	3.000	49.000	44.000	56.000	1.740	0.870	1952.000
118	3.000	50.000	72.000	57.000	6.696	3.348	239.000
119	3.000	51.000	88.000	55.000	3.854	1.927	706.000
120	3.000	52.000	90.000	55.000	0.478	0.239	4992.000
121	3.000	53.000	107.000	55.000	4.063	2.032	4718.000
122	3.000	54.000	120.000	55.000	3.107	1.553	3976.000
123	3.000	55.000	142.000	55.000	5.258	2.629	587.000
124	3.000	56.000	169.000	55.000	6.453	3.226	481.000
125	3.000	57.000	182.000	55.000	3.107	1.553	747.000
126	3.000	58.000	196.000	56.000	3.355	1.677	0.000
127	3.000	59.000	196.000	56.000	0.000	0.000	112.000
128	3.000	60.000	212.000	54.000	3.854	1.927	1837.000
129	3.000	61.000	223.000	55.000	2.640	1.320	298.000
130	3.000	62.000	226.000	55.000	0.717	0.358	793.000
131	3.000	63.000	239.000	56.000	3.116	1.558	453.000
132	3.000	64.000	245.000	56.000	1.434	0.717	1341.000
133	3.000	65.000	259.000	56.000	3.346	1.673	871.000
134	3.000	66.000	266.000	56.000	1.673	0.836	1484.000
135	3.000	67.000	276.000	55.000	2.402	1.201	839.000
136	3.000	68.000	293.000	56.000	4.070	2.035	6.000
137	3.000	69.000	305.000	56.000	2.868	1.434	0.000
138	3.000	70.000	310.000	56.000	1.195	0.597	408.000
139	3.000	71.000	323.000	55.000	3.116	1.558	1140.000
140	3.000	72.000	334.000	55.000	2.629	1.314	98.000
141	3.000	73.000	334.000	55.000	0.000	0.000	2351.000
142	3.000	74.000	349.000	54.000	3.593	1.796	762.000
143	3.000	75.000	361.000	56.000	2.908	1.454	638.000
144	3.000	76.000	383.000	53.000	5.307	2.653	528.000
145	3.000	77.000	391.000	53.000	1.912	0.956	56.000
146	3.000	78.000	398.000	53.000	1.673	0.836	349.000
147	3.000	79.000	405.000	51.000	1.740	0.870	346.000
148	3.000	80.000	407.000	51.000	0.478	0.239	1328.000
149	3.000	81.000	416.000	51.000	2.151	1.076	0.000
150	3.000	82.000	426.000	50.000	2.402	1.201	161.000
151	3.000	83.000	443.000	48.000	4.091	2.046	236.000
152	3.000	84.000	445.000	48.000	0.478	0.239	159.000
153	3.000	85.000	450.000	48.000	1.195	0.597	20.000
154	3.000	86.000	460.000	50.000	2.437	1.219	82.000
155	3.000	87.000	486.000	48.000	6.232	3.116	308.000
156	3.000	88.000	502.000	48.000	3.824	1.912	161.000
157	4.000	68.000	4.000	61.000	-1.000	-1.000	539.000
158	4.000	69.000	14.000	62.000	2.402	1.201	1019.000
159	4.000	70.000	22.000	62.000	1.912	0.956	275.000
160	4.000	71.000	33.000	60.000	2.672	1.336	639.000
161	4.000	72.000	44.000	58.000	2.672	1.336	610.000
162	4.000	73.000	44.000	58.000	0.000	0.000	82.000
163	4.000	74.000	44.000	58.000	0.000	0.000	1489.000
164	4.000	75.000	44.000	58.000	0.000	0.000	227.000
165	4.000	76.000	44.000	58.000	0.000	0.000	1522.000
166	4.000	77.000	47.000	57.000	0.756	0.378	1632.000
167	4.000	78.000	47.000	57.000	0.000	0.000	2531.000
168	4.000	79.000	51.000	57.000	0.956	0.478	214.000
169	4.000	80.000	51.000	57.000	0.000	0.000	1055.000
170	4.000	81.000	53.000	56.000	0.534	0.267	578.000
171	4.000	82.000	53.000	56.000	0.000	0.000	754.000
172	4.000	83.000	53.000	56.000	0.000	0.000	1025.000
173	4.000	84.000	57.000	55.000	0.985	0.493	232.000
174	4.000	85.000	60.000	55.000	0.717	0.358	381.000
175	4.000	86.000	65.000	56.000	1.219	0.609	0.000
176	4.000	87.000	68.000	55.000	0.756	0.378	1649.000
177	4.000	88.000	68.000	55.000	0.000	0.000	638.000
178	4.000	89.000	68.000	55.000	0.000	0.000	534.000
179	4.000	90.000	70.000	55.000	0.478	0.239	2282.000
180	4.000	91.000	77.000	56.000	1.690	0.845	1035.000
181	4.000	92.000	89.000	55.000	2.878	1.439	1000.000
182	4.000	93.000	89.000	55.000	0.000	0.000	706.000
183	4.000	94.000	89.000	55.000	0.000	0.000	14.000
184	4.000	95.000	97.000	55.000	1.912	0.956	1494.000
185	4.000	96.000	102.000	55.000	1.195	0.597	854.000
186	4.000	97.000	102.000	55.000	0.000	0.000	529.000
187	4.000	98.000	102.000	55.000	0.000	0.000	1701.000
188	4.000	99.000	100.000	55.000	0.478	0.239	605.000
189	4.000	100.000	109.000	55.000	2.151	1.076	922.000
